10000079 2
10000027 15
10000082 10
10000076 9
10000024 4
10000072 5
10000041 8
10000042 5
10000093 11
10000078 8
10000038 5
10000028 11
10000044 4
10000085 7
10000098 8
10000043 11
10000100 3
10000033 10
10000039 15
10000025 5
10000100 8
10000082 8
10000084 10
10000051 6
10000071 4
10000041 13
10000065 1
10000085 15
10000098 12
10000073 6
10000034 14
10000100 3
10000004 9
10000078 9
10000040 1
10000082 10
10000088 12
10000069 3
10000012 5
10000024 9
10000043 7
10000033 9
10000098 9
10000023 14
10000043 9
10000038 15
10000086 11
10000095 7
10000008 13
10000006 8
10000005 7
10000007 4
10000038 13
10000079 7
10000041 11
10000022 5
10000012 1
10000073 5
10000004 8
10000002 12
10000022 8
10000054 13
10000065 15
10000068 4
10000087 2
10000064 7
10000023 13
10000002 1
10000036 13
10000072 14
10000091 2
10000076 10
10000098 8
10000043 4
10000045 1
10000051 10
10000055 7
10000011 3
10000031 10
10000012 2
10000006 5
10000029 2
10000048 6
10000081 4
10000078 9
10000018 8
10000054 4
10000030 12
10000038 10
10000045 10
10000044 7
10000093 11
10000007 11
10000030 1
10000060 12
10000038 15
10000044 7
10000049 10
10000057 5
10000011 13
10000033 3
EOF